[1790005935.197047] 0003 0000 0000000b

[1790005935.197047] 0000 0000 00000000

[1790005936.679138] 0003 0000 0000000d

[1790005936.679138] 0000 0000 00000000

[1790005936.788355] 0003 0000 0000000b

[1790005936.788355] 0000 0000 00000000

[1790005937.948781] 0003 0000 00000008

[1790005937.948781] 0000 0000 00000000

[1790005938.066665] 0003 0000 00000001

[1790005938.066665] 0000 0000 00000000

[1790005938.941787] 0003 0000 0000000d

[1790005938.941787] 0000 0000 00000000

[1790005939.279803] 0003 0000 0000000b

[1790005939.279803] 0000 0000 00000000

[1790005940.446679] 0003 0000 00000008

[1790005940.446679] 0000 0000 00000000

[1790005940.566899] 0003 0000 00000001

[1790005940.566899] 0000 0000 00000000

[1790005941.193862] 0003 0000 0000000d

[1790005941.193862] 0000 0000 00000000

[1790005941.405887] 0003 0000 0000000b

[1790005941.405887] 0000 0000 00000000

[1790005942.161280] 0003 0000 00000008

[1790005942.161280] 0000 0000 00000000

[1790005942.338904] 0003 0000 00000001

[1790005942.338904] 0000 0000 00000000

[1790005943.080754] 0003 0000 0000000d

[1790005943.080754] 0000 0000 00000000

[1790005943.453981] 0003 0000 0000000b

[1790005943.453981] 0000 0000 00000000

[1790005944.201758] 0003 0000 00000008

[1790005944.201758] 0000 0000 00000000

[1790005944.289560] 0003 0000 00000001

[1790005944.289560] 0000 0000 00000000

[1790005944.957668] 0003 0000 00000008

[1790005944.957668] 0000 0000 00000000

[1790005945.049424] 0003 0000 00000001

[1790005945.049424] 0000 0000 00000000

[1790005945.668956] 0003 0000 0000000d

[1790005945.668956] 0000 0000 00000000

[1790005945.876609] 0003 0000 0000000b

[1790005945.876609] 0000 0000 00000000

[1790005946.396230] 0003 0000 00000008

[1790005946.396230] 0000 0000 00000000

[1790005946.463838] 0003 0000 00000001

[1790005946.463838] 0000 0000 00000000

[1790005946.925638] 0003 0000 00000008

[1790005946.925638] 0000 0000 00000000

[1790005947.053157] 0003 0000 00000001

[1790005947.053157] 0000 0000 00000000

[1790005947.674464] 0003 0000 00000008

[1790005947.674464] 0000 0000 00000000

[1790005947.741510] 0003 0000 00000001

[1790005947.741510] 0000 0000 00000000

[1790005948.219748] 0003 0000 0000000d

[1790005948.219748] 0000 0000 00000000

[1790005948.479895] 0003 0000 0000000b

[1790005948.479895] 0000 0000 00000000

[1790005949.051919] 0003 0000 0000000d

[1790005949.051919] 0000 0000 00000000

[1790005949.360442] 0003 0000 0000000b

[1790005949.360442] 0000 0000 00000000

[1790005949.704213] 0003 0000 0000000d

[1790005949.704213] 0000 0000 00000000

[1790005949.947149] 0003 0000 0000000b

[1790005949.947149] 0000 0000 00000000

